{
 "0/0": [
  {
   "cam_R_m2c": [
    [
     0.17251776832539478,
     -0.3047492869390192,
     -0.9366779018009257
    ],
    [
     0.9771074969685878,
     0.1731340190855204,
     0.12363474755535181
    ],
    [
     0.12449320856900777,
     -0.936564190830214,
     0.3276415075577873
    ]
   ],
   "cam_t_m2c": [
    47.99218642754525,
    50.21214439182594,
    363.41410477075533
   ],
   "obj_id": 1
  },
  {
   "cam_R_m2c": [
    [
     -0.2043473493343499,
     0.08953597051031666,
     -0.9747950917012254
    ],
    [
     0.9605926149883464,
     0.21002124318392296,
     -0.18207939323638445
    ],
    [
     0.1884250218253284,
     -0.9735884075913471,
     -0.12892487639656425
    ]
   ],
   "cam_t_m2c": [
    -150.95718293899404,
    112.83508869235648,
    407.58971018978366
   ],
   "obj_id": 2
  },
  {
   "cam_R_m2c": [
    [
     0.17251776832539478,
     -0.3047492869390192,
     -0.9366779018009257
    ],
    [
     0.9771074969685878,
     0.1731340190855204,
     0.12363474755535181
    ],
    [
     0.12449320856900777,
     -0.936564190830214,
     0.3276415075577873
    ]
   ],
   "cam_t_m2c": [
    47.99218642754525,
    50.21214439182594,
    363.41410477075533
   ],
   "obj_id": 1
  },
  {
   "cam_R_m2c": [
    [
     -0.2043473493343499,
     0.08953597051031666,
     -0.9747950917012254
    ],
    [
     0.9605926149883464,
     0.21002124318392296,
     -0.18207939323638445
    ],
    [
     0.1884250218253284,
     -0.9735884075913471,
     -0.12892487639656425
    ]
   ],
   "cam_t_m2c": [
    -150.95718293899404,
    112.83508869235648,
    407.58971018978366
   ],
   "obj_id": 2
  }
 ],
 "0/1": [
  {
   "cam_R_m2c": [
    [
     0.4959910549329592,
     0.8239677669651962,
     0.2739890370596576
    ],
    [
     0.4528027456267315,
     -0.5146675868953172,
     0.7280707029899256
    ],
    [
     0.7409200678746553,
     -0.23705356778951708,
     -0.6283653865537766
    ]
   ],
   "cam_t_m2c": [
    -206.1884511136013,
    10.69771351941333,
    379.1763391947379
   ],
   "obj_id": 1
  },
  {
   "cam_R_m2c": [
    [
     -0.8077450005235418,
     0.5882094610173793,
     -0.03946700012500812
    ],
    [
     0.03542414834335375,
     -0.018397980812782207,
     -0.9992030044070925
    ],
    [
     -0.58846677378028,
     -0.8084993161850271,
     -0.005975942182790683
    ]
   ],
   "cam_t_m2c": [
    5.973244891110371,
    30.798649431749844,
    328.4624829046257
   ],
   "obj_id": 2
  },
  {
   "cam_R_m2c": [
    [
     0.495991297344603,
     0.8239675862709246,
     0.27398914163390475
    ],
    [
     0.45280264736417974,
     -0.5146678295195,
     0.7280705925922822
    ],
    [
     0.7409199656497375,
     -0.2370536690974287,
     -0.6283654688706557
    ]
   ],
   "cam_t_m2c": [
    -206.18844152359682,
    10.697723248240148,
    379.1763417274357
   ],
   "obj_id": 1
  },
  {
   "cam_R_m2c": [
    [
     -0.8077450321551414,
     0.5882094143001255,
     -0.03946704900791487
    ],
    [
     0.035424161843484236,
     -0.018398044757537254,
     -0.9992030027510854
    ],
    [
     -0.5884667295492387,
     -0.8084993487182301,
     -0.0059758962357600864
    ]
   ],
   "cam_t_m2c": [
    5.973244321803509,
    30.798650161749592,
    328.46248371795576
   ],
   "obj_id": 2
  }
 ],
 "0/2": [
  {
   "cam_R_m2c": [
    [
     -0.9697123373009835,
     0.007837655241909417,
     0.24412405462504605
    ],
    [
     -0.24208212483173142,
     0.10202395249484272,
     -0.9648768615498478
    ],
    [
     -0.032468873143637354,
     -0.9947510664873092,
     -0.09703652919979842
    ]
   ],
   "cam_t_m2c": [
    -164.8535955652829,
    51.16500056415126,
    391.1187766621827
   ],
   "obj_id": 1
  },
  {
   "cam_R_m2c": [
    [
     -0.2922184820717536,
     0.7051460610156521,
     -0.646047514792674
    ],
    [
     0.6679859623642812,
     0.6339301272662938,
     0.38977858821182754
    ],
    [
     0.6843998194184049,
     -0.3176501635105052,
     -0.6562737697042327
    ]
   ],
   "cam_t_m2c": [
    39.65351434853977,
    39.70830939062154,
    488.9412540877626
   ],
   "obj_id": 2
  },
  {
   "cam_R_m2c": [
    [
     -0.9697123193445087,
     0.007837645562304945,
     0.24412412626271413
    ],
    [
     -0.24208219686880939,
     0.1020239580980913,
     -0.9648768428836765
    ],
    [
     -0.03246887233435833,
     -0.9947510659888928,
     -0.09703653458000526
    ]
   ],
   "cam_t_m2c": [
    -164.85359313979,
    51.16500260757289,
    391.11877664972235
   ],
   "obj_id": 1
  },
  {
   "cam_R_m2c": [
    [
     -0.29221847991682354,
     0.7051460578898803,
     -0.646047519179094
    ],
    [
     0.6679859646878948,
     0.633930127470273,
     0.38977858389796827
    ],
    [
     0.684399818070609,
     -0.31765017004227214,
     -0.6562737679482796
    ]
   ],
   "cam_t_m2c": [
    39.65351349816312,
    39.70830845700108,
    488.9412542510568
   ],
   "obj_id": 2
  }
 ],
 "0/3": [
  {
   "cam_R_m2c": [
    [
     -0.0452332708551309,
     0.4149413761762449,
     0.9087230631742054
    ],
    [
     -0.9868065005337368,
     -0.1601165005850822,
     0.02399243098870557
    ],
    [
     0.15545700920867736,
     -0.89564856979585,
     0.41670944039047386
    ]
   ],
   "cam_t_m2c": [
    9.487908652512154,
    30.472516235092442,
    305.8912142448962
   ],
   "obj_id": 1
  },
  {
   "cam_R_m2c": [
    [
     0.9982753443605468,
     -0.02273352500670247,
     -0.05412507443505557
    ],
    [
     0.04989186594765596,
     -0.15733838795318844,
     0.9862836475317599
    ],
    [
     -0.03093765592432296,
     -0.9872830488350652,
     -0.15593281543295032
    ]
   ],
   "cam_t_m2c": [
    -170.8922756035893,
    40.94146264783718,
    377.43207622087664
   ],
   "obj_id": 2
  },
  {
   "cam_R_m2c": [
    [
     -0.04523320381867646,
     0.4149413571628677,
     0.9087230751929519
    ],
    [
     -0.986806497847714,
     -0.1601165063650869,
     0.02399250289086885
    ],
    [
     0.15545704576450492,
     -0.8956485775711789,
     0.4167094100412135
    ]
   ],
   "cam_t_m2c": [
    9.48790741696858,
    30.47251111389011,
    305.89121443927945
   ],
   "obj_id": 1
  },
  {
   "cam_R_m2c": [
    [
     0.9982753512635407,
     -0.02273357664398578,
     -0.054124925428363946
    ],
    [
     0.0498917116334458,
     -0.157338357309876,
     0.986283660226263
    ],
    [
     -0.030937682038882915,
     -0.9872830525295173,
     -0.15593278686042644
    ]
   ],
   "cam_t_m2c": [
    -170.89227865465438,
    40.94146185708392,
    377.4320763132379
   ],
   "obj_id": 2
  }
 ],
 "0/4": [
  {
   "cam_R_m2c": [
    [
     0.3846857652560623,
     0.8051435323085705,
     0.4513986645871204
    ],
    [
     -0.9106322997097556,
     0.25109745187300564,
     0.32817508191239164
    ],
    [
     0.15088299020989374,
     -0.5373024865423217,
     0.829783321850204
    ]
   ],
   "cam_t_m2c": [
    18.75886394190461,
    20.966565709992057,
    330.93256216355803
   ],
   "obj_id": 1
  },
  {
   "cam_R_m2c": [
    [
     0.24075061266128933,
     0.5689775269223187,
     0.7863229084546473
    ],
    [
     0.5138493933958559,
     -0.7620184403461328,
     0.39406433165050364
    ],
    [
     0.8234063051798456,
     0.3091803202498653,
     -0.4758251634374393
    ]
   ],
   "cam_t_m2c": [
    -249.5245398549805,
    85.727738388916,
    502.27049199375335
   ],
   "obj_id": 2
  },
  {
   "cam_R_m2c": [
    [
     0.3846857652560623,
     0.8051435323085705,
     0.4513986645871204
    ],
    [
     -0.9106322997097556,
     0.25109745187300564,
     0.32817508191239164
    ],
    [
     0.15088299020989374,
     -0.5373024865423217,
     0.829783321850204
    ]
   ],
   "cam_t_m2c": [
    18.75886394190461,
    20.966565709992057,
    330.93256216355803
   ],
   "obj_id": 1
  },
  {
   "cam_R_m2c": [
    [
     0.24075038095027246,
     0.5689779098523963,
     0.7863227023126683
    ],
    [
     0.5138496949807851,
     -0.7620180915968864,
     0.39406461278221017
    ],
    [
     0.8234061847232217,
     0.3091804750934929,
     -0.4758252712714083
    ]
   ],
   "cam_t_m2c": [
    -249.52454943448453,
    85.72772642222016,
    502.2704881226627
   ],
   "obj_id": 2
  }
 ],
 "0/5": [
  {
   "cam_R_m2c": [
    [
     -0.9443184807614607,
     0.30507391950417206,
     -0.12325790250823296
    ],
    [
     0.08934233797114752,
     -0.12279261457400925,
     -0.9884027116777491
    ],
    [
     -0.31667104941597735,
     -0.9443790962555453,
     0.08869931802073201
    ]
   ],
   "cam_t_m2c": [
    32.98121603115491,
    23.952281131015965,
    330.10947740638863
   ],
   "obj_id": 1
  },
  {
   "cam_R_m2c": [
    [
     0.9985008564665685,
     0.0201356201788168,
     0.0508979020740874
    ],
    [
     -0.047932757670561876,
     -0.12732480311671396,
     0.9907021980662933
    ],
    [
     0.026428968531218767,
     -0.9916566700785633,
     -0.12616876915889833
    ]
   ],
   "cam_t_m2c": [
    -171.9909155729896,
    41.467858907804874,
    383.2914167519641
   ],
   "obj_id": 2
  },
  {
   "cam_R_m2c": [
    [
     -0.9443184819157615,
     0.3050739242619238,
     -0.1232578818889156
    ],
    [
     0.08934231734829487,
     -0.12279261031906796,
     -0.9884027140704673
    ],
    [
     -0.31667105179215305,
     -0.9443790952718404,
     0.08869932001087737
    ]
   ],
   "cam_t_m2c": [
    32.98121591221111,
    23.95228009641717,
    330.109477381796
   ],
   "obj_id": 1
  },
  {
   "cam_R_m2c": [
    [
     0.9985008564665685,
     0.0201356201788168,
     0.0508979020740874
    ],
    [
     -0.047932757670561876,
     -0.12732480311671396,
     0.9907021980662933
    ],
    [
     0.026428968531218767,
     -0.9916566700785633,
     -0.12616876915889833
    ]
   ],
   "cam_t_m2c": [
    -171.9909155729896,
    41.467858907804874,
    383.2914167519641
   ],
   "obj_id": 2
  }
 ],
 "0/6": [
  {
   "cam_R_m2c": [
    [
     0.1721334989367962,
     0.0016964413218472196,
     0.9850721702650104
    ],
    [
     -0.9648515570596069,
     0.20187269456232587,
     0.16825245326531685
    ],
    [
     -0.19857374293553445,
     -0.9794103007815403,
     0.03638586730565686
    ]
   ],
   "cam_t_m2c": [
    -187.43866854096217,
    75.46209413560399,
    386.4852575195385
   ],
   "obj_id": 1
  },
  {
   "cam_R_m2c": [
    [
     0.8806584747411481,
     -0.3899862956290664,
     0.26898204417416677
    ],
    [
     -0.19883225094729812,
     0.21108647839994088,
     0.9570309475769014
    ],
    [
     -0.4300074265054331,
     -0.8962997198807047,
     0.10835324310764616
    ]
   ],
   "cam_t_m2c": [
    22.070868990649636,
    61.745601682040785,
    335.40749299701764
   ],
   "obj_id": 2
  },
  {
   "cam_R_m2c": [
    [
     0.17213345733064328,
     0.001696441209398668,
     0.9850721775355461
    ],
    [
     -0.9648515641936846,
     0.2018726944067036,
     0.1682524125413271
    ],
    [
     -0.19857374433796346,
     -0.9794103008138115,
     0.0363858587833292
    ]
   ],
   "cam_t_m2c": [
    -187.43866629956213,
    75.46209413949454,
    386.4852575203453
   ],
   "obj_id": 1
  },
  {
   "cam_R_m2c": [
    [
     0.880658473873007,
     -0.3899862910154826,
     0.2689820537055475
    ],
    [
     -0.1988322659464259,
     0.2110864699893249,
     0.9570309463157685
    ],
    [
     -0.4300074213479071,
     -0.8962997238688815,
     0.1083532305853884
    ]
   ],
   "cam_t_m2c": [
    22.07086887531004,
    61.74560094815496,
    335.407493096722
   ],
   "obj_id": 2
  }
 ],
 "0/7": [
  {
   "cam_R_m2c": [
    [
     0.24412762730968973,
     -0.2307492420261721,
     -0.9418898496578507
    ],
    [
     0.9391163640394997,
     0.29842738015264003,
     0.17029842503224227
    ],
    [
     0.2417894877313156,
     -0.9261187213740896,
     0.28955475741739994
    ]
   ],
   "cam_t_m2c": [
    46.13831669409917,
    51.23415848778758,
    339.1529680343522
   ],
   "obj_id": 1
  },
  {
   "cam_R_m2c": [
    [
     -0.1741352679143499,
     0.05118597024140216,
     -0.9833905149628217
    ],
    [
     0.9812981396990232,
     0.09222225467632278,
     -0.16896454292440155
    ],
    [
     0.08204187645120087,
     -0.9944219688808478,
     -0.06628784440230434
    ]
   ],
   "cam_t_m2c": [
    -144.08842986417878,
    34.4189329181648,
    369.6105492220212
   ],
   "obj_id": 2
  },
  {
   "cam_R_m2c": [
    [
     0.24412762730968973,
     -0.2307492420261721,
     -0.9418898496578507
    ],
    [
     0.9391163640394997,
     0.29842738015264003,
     0.17029842503224227
    ],
    [
     0.2417894877313156,
     -0.9261187213740896,
     0.28955475741739994
    ]
   ],
   "cam_t_m2c": [
    46.13831669409917,
    51.23415848778758,
    339.1529680343522
   ],
   "obj_id": 1
  },
  {
   "cam_R_m2c": [
    [
     -0.1741352679143499,
     0.05118597024140216,
     -0.9833905149628217
    ],
    [
     0.9812981396990232,
     0.09222225467632278,
     -0.16896454292440155
    ],
    [
     0.08204187645120087,
     -0.9944219688808478,
     -0.06628784440230434
    ]
   ],
   "cam_t_m2c": [
    -144.08842986417878,
    34.4189329181648,
    369.6105492220212
   ],
   "obj_id": 2
  }
 ],
 "0/8": [
  {
   "cam_R_m2c": [
    [
     -0.4290181974476176,
     0.5303643231936447,
     0.7312024828610364
    ],
    [
     -0.7959570726062645,
     -0.6046858631306214,
     -0.028413825825498118
    ],
    [
     0.4270781249687966,
     -0.5941958360787488,
     0.6815684731263719
    ]
   ],
   "cam_t_m2c": [
    15.647351025747891,
    56.10782121094863,
    340.60489590196875
   ],
   "obj_id": 1
  },
  {
   "cam_R_m2c": [
    [
     0.9952465382650397,
     0.011495723205913131,
     0.09670665137117945
    ],
    [
     -0.09087879910961644,
     -0.24730219109109663,
     0.9646671291973912
    ],
    [
     0.03500531308027156,
     -0.9688702052543035,
     -0.2450819320689234
    ]
   ],
   "cam_t_m2c": [
    -160.5396786918278,
    63.37524545093879,
    376.9717551313576
   ],
   "obj_id": 2
  },
  {
   "cam_R_m2c": [
    [
     -0.4290181974476176,
     0.5303643231936447,
     0.7312024828610364
    ],
    [
     -0.7959570726062645,
     -0.6046858631306214,
     -0.028413825825498118
    ],
    [
     0.4270781249687966,
     -0.5941958360787488,
     0.6815684731263719
    ]
   ],
   "cam_t_m2c": [
    15.647351025747891,
    56.10782121094863,
    340.60489590196875
   ],
   "obj_id": 1
  },
  {
   "cam_R_m2c": [
    [
     0.9952465229084038,
     0.011495704435443354,
     0.09670681164357076
    ],
    [
     -0.09087895974480892,
     -0.24730217213121153,
     0.9646671189249101
    ],
    [
     0.03500533265709045,
     -0.968870210316489,
     -0.24508190926065695
    ]
   ],
   "cam_t_m2c": [
    -160.539674094492,
    63.37524392422361,
    376.9717552579122
   ],
   "obj_id": 2
  }
 ],
 "0/9": [
  {
   "cam_R_m2c": [
    [
     -0.9565197563279104,
     0.2275822911846931,
     -0.18241780750113185
    ],
    [
     0.24013779438346783,
     0.25951882094285444,
     -0.9354056987666228
    ],
    [
     -0.1655409177908524,
     -0.9385394410015789,
     -0.3028859888165941
    ]
   ],
   "cam_t_m2c": [
    36.67154750853202,
    34.63288465680342,
    322.96348602503946
   ],
   "obj_id": 1
  },
  {
   "cam_R_m2c": [
    [
     0.37998913480394564,
     -0.053207539388179965,
     0.9234593738672017
    ],
    [
     0.005226244240602543,
     -0.998204792918933,
     -0.059664711218674824
    ],
    [
     0.9249761855324097,
     0.027498166228415055,
     -0.3790289000221332
    ]
   ],
   "cam_t_m2c": [
    -210.9504179511907,
    85.41589527987416,
    513.3125458442896
   ],
   "obj_id": 2
  },
  {
   "cam_R_m2c": [
    [
     -0.9565197563279104,
     0.2275822911846931,
     -0.18241780750113185
    ],
    [
     0.24013779438346783,
     0.25951882094285444,
     -0.9354056987666228
    ],
    [
     -0.1655409177908524,
     -0.9385394410015789,
     -0.3028859888165941
    ]
   ],
   "cam_t_m2c": [
    36.67154750853202,
    34.63288465680342,
    322.96348602503946
   ],
   "obj_id": 1
  },
  {
   "cam_R_m2c": [
    [
     0.3799891081845239,
     -0.05320785587320221,
     0.9234593665855073
    ],
    [
     0.0052259993509194925,
     -0.9982047798021113,
     -0.059664952115984105
    ],
    [
     0.9249761978515525,
     0.02749802999480144,
     -0.3790288798422764
    ]
   ],
   "cam_t_m2c": [
    -210.95041008164702,
    85.4158927863622,
    513.31254925013
   ],
   "obj_id": 2
  }
 ],
 "1/0": [
  {
   "cam_R_m2c": [
    [
     -0.6723105607394965,
     0.5949134738832842,
     -0.4405411087631516
    ],
    [
     0.5930575868312743,
     0.7890148438066641,
     0.16043152730872812
    ],
    [
     0.4430363513528087,
     -0.15340643677782395,
     -0.8832809612660755
    ]
   ],
   "cam_t_m2c": [
    -183.4852171756975,
    91.12761378931407,
    523.8351609194456
   ],
   "obj_id": 1
  },
  {
   "cam_R_m2c": [
    [
     0.9444911792543601,
     -0.25073601376898946,
     0.21229193039290212
    ],
    [
     -0.1706603119370919,
     0.1777166348160264,
     0.9691707051078264
    ],
    [
     -0.2807338067284419,
     -0.9516029892286509,
     0.1250611076668267
    ]
   ],
   "cam_t_m2c": [
    68.45390660155518,
    37.8675582213045,
    318.0400747307163
   ],
   "obj_id": 2
  },
  {
   "cam_R_m2c": [
    [
     -0.6723105607394965,
     0.5949134738832842,
     -0.4405411087631516
    ],
    [
     0.5930575868312743,
     0.7890148438066641,
     0.16043152730872812
    ],
    [
     0.4430363513528087,
     -0.15340643677782395,
     -0.8832809612660755
    ]
   ],
   "cam_t_m2c": [
    -183.4852171756975,
    91.12761378931407,
    523.8351609194456
   ],
   "obj_id": 1
  },
  {
   "cam_R_m2c": [
    [
     0.9444911792543601,
     -0.25073601376898946,
     0.21229193039290212
    ],
    [
     -0.1706603119370919,
     0.1777166348160264,
     0.9691707051078264
    ],
    [
     -0.2807338067284419,
     -0.9516029892286509,
     0.1250611076668267
    ]
   ],
   "cam_t_m2c": [
    68.45390660155518,
    37.8675582213045,
    318.0400747307163
   ],
   "obj_id": 2
  }
 ],
 "1/1": [
  {
   "cam_R_m2c": [
    [
     -0.18565781247470478,
     -0.28366455697342224,
     0.9407792492312842
    ],
    [
     -0.9761163999297828,
     0.16316796921456977,
     -0.14343286795749657
    ],
    [
     -0.11281821863168592,
     -0.9449394863902476,
     -0.3071830343708907
    ]
   ],
   "cam_t_m2c": [
    40.115700778189016,
    38.22118717594878,
    333.62348715975617
   ],
   "obj_id": 1
  },
  {
   "cam_R_m2c": [
    [
     -0.10761872180093407,
     0.004472288795930343,
     -0.9941821811674447
    ],
    [
     0.9920171739928579,
     0.06659409727849072,
     -0.10708479215503236
    ],
    [
     0.06572775076903743,
     -0.9977701262518279,
     -0.011603358921216977
    ]
   ],
   "cam_t_m2c": [
    -166.86406194997357,
    27.336121435158297,
    379.6942531562957
   ],
   "obj_id": 2
  },
  {
   "cam_R_m2c": [
    [
     -0.18565781247470478,
     -0.28366455697342224,
     0.9407792492312842
    ],
    [
     -0.9761163999297828,
     0.16316796921456977,
     -0.14343286795749657
    ],
    [
     -0.11281821863168592,
     -0.9449394863902476,
     -0.3071830343708907
    ]
   ],
   "cam_t_m2c": [
    40.115700778189016,
    38.22118717594878,
    333.62348715975617
   ],
   "obj_id": 1
  },
  {
   "cam_R_m2c": [
    [
     -0.10761872180093407,
     0.004472288795930343,
     -0.9941821811674447
    ],
    [
     0.9920171739928579,
     0.06659409727849072,
     -0.10708479215503236
    ],
    [
     0.06572775076903743,
     -0.9977701262518279,
     -0.011603358921216977
    ]
   ],
   "cam_t_m2c": [
    -166.86406194997357,
    27.336121435158297,
    379.6942531562957
   ],
   "obj_id": 2
  }
 ],
 "1/2": [
  {
   "cam_R_m2c": [
    [
     0.9463874691942467,
     -0.28667894003952926,
     0.14888231422812026
    ],
    [
     -0.12079291252969399,
     0.1133945961981061,
     0.9861798709341324
    ],
    [
     -0.2995994499906542,
     -0.9512922005834381,
     0.07268644078792903
    ]
   ],
   "cam_t_m2c": [
    32.35574119295805,
    38.16133633139591,
    313.532305014586
   ],
   "obj_id": 1
  },
  {
   "cam_R_m2c": [
    [
     0.110282391580597,
     0.037521577965203896,
     0.993191786763395
    ],
    [
     -0.9885480298398567,
     0.10770693968269679,
     0.10569771919926002
    ],
    [
     -0.10300770265859549,
     -0.99347438131599,
     0.04897006087201977
    ]
   ],
   "cam_t_m2c": [
    -166.648884382703,
    42.079038078294424,
    366.0868595328997
   ],
   "obj_id": 2
  },
  {
   "cam_R_m2c": [
    [
     0.9463874691942467,
     -0.28667894003952926,
     0.14888231422812026
    ],
    [
     -0.12079291252969399,
     0.1133945961981061,
     0.9861798709341324
    ],
    [
     -0.2995994499906542,
     -0.9512922005834381,
     0.07268644078792903
    ]
   ],
   "cam_t_m2c": [
    32.35574119295805,
    38.16133633139591,
    313.532305014586
   ],
   "obj_id": 1
  },
  {
   "cam_R_m2c": [
    [
     0.110282391580597,
     0.037521577965203896,
     0.993191786763395
    ],
    [
     -0.9885480298398567,
     0.10770693968269679,
     0.10569771919926002
    ],
    [
     -0.10300770265859549,
     -0.99347438131599,
     0.04897006087201977
    ]
   ],
   "cam_t_m2c": [
    -166.648884382703,
    42.079038078294424,
    366.0868595328997
   ],
   "obj_id": 2
  }
 ],
 "1/3": [
  {
   "cam_R_m2c": [
    [
     -0.956637730498035,
     0.09963533706281155,
     0.2737097955790922
    ],
    [
     -0.261708994017942,
     0.11852955939619692,
     -0.9578408771813094
    ],
    [
     -0.1278775001229118,
     -0.987939038178836,
     -0.08731438486636295
    ]
   ],
   "cam_t_m2c": [
    -150.4638818419166,
    26.144737470202212,
    383.9484759544709
   ],
   "obj_id": 1
  },
  {
   "cam_R_m2c": [
    [
     -0.5070654042817326,
     -0.689422958436033,
     -0.5172819928838726
    ],
    [
     -0.22925420444795822,
     0.6864212428140065,
     -0.6901220088916223
    ],
    [
     0.8308593054925346,
     -0.23134792368850537,
     -0.506113576859464
    ]
   ],
   "cam_t_m2c": [
    76.88125465833735,
    94.83848721710986,
    479.53369809221266
   ],
   "obj_id": 2
  },
  {
   "cam_R_m2c": [
    [
     -0.956637730498035,
     0.09963533706281155,
     0.2737097955790922
    ],
    [
     -0.261708994017942,
     0.11852955939619692,
     -0.9578408771813094
    ],
    [
     -0.1278775001229118,
     -0.987939038178836,
     -0.08731438486636295
    ]
   ],
   "cam_t_m2c": [
    -150.4638818419166,
    26.144737470202212,
    383.9484759544709
   ],
   "obj_id": 1
  },
  {
   "cam_R_m2c": [
    [
     -0.5070654042817326,
     -0.689422958436033,
     -0.5172819928838726
    ],
    [
     -0.22925420444795822,
     0.6864212428140065,
     -0.6901220088916223
    ],
    [
     0.8308593054925346,
     -0.23134792368850537,
     -0.506113576859464
    ]
   ],
   "cam_t_m2c": [
    76.88125465833735,
    94.83848721710986,
    479.53369809221266
   ],
   "obj_id": 2
  }
 ],
 "1/4": [
  {
   "cam_R_m2c": [
    [
     0.7058586673477881,
     0.6906678789027225,
     0.15729406467511378
    ],
    [
     0.2507866002981037,
     -0.45133794417469464,
     0.8563878451140461
    ],
    [
     0.6624723562843389,
     -0.5650415393581026,
     -0.4917910490837564
    ]
   ],
   "cam_t_m2c": [
    -237.44877448682567,
    54.48082389890126,
    410.3760384839526
   ],
   "obj_id": 1
  },
  {
   "cam_R_m2c": [
    [
     0.15573927013513422,
     -0.3523932371954578,
     -0.9228024090327682
    ],
    [
     0.9786537419141845,
     0.1818665481449433,
     0.09571526577932549
    ],
    [
     0.13409747639362746,
     -0.9180106562806061,
     0.3731947236766772
    ]
   ],
   "cam_t_m2c": [
    -2.4815098725913494,
    30.41251537493643,
    327.20026640701514
   ],
   "obj_id": 2
  },
  {
   "cam_R_m2c": [
    [
     0.7058586673477881,
     0.6906678789027225,
     0.15729406467511378
    ],
    [
     0.2507866002981037,
     -0.45133794417469464,
     0.8563878451140461
    ],
    [
     0.6624723562843389,
     -0.5650415393581026,
     -0.4917910490837564
    ]
   ],
   "cam_t_m2c": [
    -237.44877448682567,
    54.48082389890126,
    410.3760384839526
   ],
   "obj_id": 1
  },
  {
   "cam_R_m2c": [
    [
     0.15573930588435464,
     -0.35239320824660664,
     -0.9228024140542346
    ],
    [
     0.9786537342247223,
     0.181866572398809,
     0.09571529831701181
    ],
    [
     0.1340974909931773,
     -0.918010662588171,
     0.37319470291492907
    ]
   ],
   "cam_t_m2c": [
    -2.481508720683408,
    30.412514768589787,
    327.2002665647043
   ],
   "obj_id": 2
  }
 ],
 "1/5": [
  {
   "cam_R_m2c": [
    [
     0.21275013765284304,
     0.8424596989581267,
     0.4949737715880296
    ],
    [
     0.65465229940483,
     -0.4989610630145798,
     0.5678628571048908
    ],
    [
     0.725374210881987,
     0.20322281669818243,
     -0.657672213918599
    ]
   ],
   "cam_t_m2c": [
    -199.82937101737465,
    87.57813149964649,
    537.6694295825455
   ],
   "obj_id": 1
  },
  {
   "cam_R_m2c": [
    [
     -0.14956285387749246,
     0.8673680909396628,
     -0.47466150840330806
    ],
    [
     0.8115650083547663,
     0.3819104552009912,
     0.4421613296324083
    ],
    [
     0.5647948211113016,
     -0.3190877606989272,
     -0.7610452095756179
    ]
   ],
   "cam_t_m2c": [
    45.343101629316045,
    71.7812442808383,
    494.22719401747315
   ],
   "obj_id": 2
  },
  {
   "cam_R_m2c": [
    [
     0.2127501636485471,
     0.8424596774271449,
     0.49497379706088257
    ],
    [
     0.6546522854391846,
     -0.49896109998434784,
     0.5678628407209451
    ],
    [
     0.725374215861557,
     0.203222815185108,
     -0.6576722088939679
    ]
   ],
   "cam_t_m2c": [
    -199.8293684047556,
    87.57813449823529,
    537.6694296203723
   ],
   "obj_id": 1
  },
  {
   "cam_R_m2c": [
    [
     -0.14956285093965538,
     0.8673680922539136,
     -0.47466150692741865
    ],
    [
     0.8115649913541605,
     0.38191046203530554,
     0.4421613549331293
    ],
    [
     0.5647948463177792,
     -0.31908774894656355,
     -0.7610451957966038
    ]
   ],
   "cam_t_m2c": [
    45.343101596459775,
    71.78123785788287,
    494.2271937236641
   ],
   "obj_id": 2
  }
 ],
 "1/6": [
  {
   "cam_R_m2c": [
    [
     0.40343938856825534,
     0.9053160827587611,
     0.13281359136023757
    ],
    [
     0.6224893583268362,
     -0.3779418869093867,
     0.6853224999146137
    ],
    [
     0.6706293003750398,
     -0.1938110430747031,
     -0.716026271208522
    ]
   ],
   "cam_t_m2c": [
    39.182861082816146,
    32.879104213517614,
    479.09527607686755
   ],
   "obj_id": 1
  },
  {
   "cam_R_m2c": [
    [
     -0.9143852741214985,
     -0.012172664713907896,
     -0.40466207717491287
    ],
    [
     0.4043542692669237,
     0.021745946823024675,
     -0.9143438842811724
    ],
    [
     0.019929761548107182,
     -0.9996894217858527,
     -0.014962104601379263
    ]
   ],
   "cam_t_m2c": [
    -168.1334708709699,
    -8.186375611711313,
    390.7422355446463
   ],
   "obj_id": 2
  },
  {
   "cam_R_m2c": [
    [
     0.40343938856825534,
     0.9053160827587611,
     0.13281359136023757
    ],
    [
     0.6224893583268362,
     -0.3779418869093867,
     0.6853224999146137
    ],
    [
     0.6706293003750398,
     -0.1938110430747031,
     -0.716026271208522
    ]
   ],
   "cam_t_m2c": [
    39.182861082816146,
    32.879104213517614,
    479.09527607686755
   ],
   "obj_id": 1
  },
  {
   "cam_R_m2c": [
    [
     -0.9143852817806666,
     -0.012172665456428184,
     -0.40466205984571363
    ],
    [
     0.4043542518446217,
     0.021745950975049805,
     -0.9143438918871643
    ],
    [
     0.019929763622938558,
     -0.9996894216864939,
     -0.014962108476320618
    ]
   ],
   "cam_t_m2c": [
    -168.13347185738928,
    -8.186377725476817,
    390.74223554216235
   ],
   "obj_id": 2
  }
 ],
 "1/7": [
  {
   "cam_R_m2c": [
    [
     0.36678713244755645,
     0.06119475480027055,
     -0.9282900416657682
    ],
    [
     0.9204838902052593,
     0.12073477987610748,
     0.37166183662149255
    ],
    [
     0.13482064880236969,
     -0.9907968080858974,
     -0.012044822261265575
    ]
   ],
   "cam_t_m2c": [
    -165.5778660360421,
    19.481585727156894,
    381.51992020214743
   ],
   "obj_id": 1
  },
  {
   "cam_R_m2c": [
    [
     0.49671136014736117,
     -0.7477267128803663,
     0.4406615339982378
    ],
    [
     -0.484322447290031,
     -0.6601156687626833,
     -0.5741768637841395
    ],
    [
     0.7202149621825092,
     0.07177789840275993,
     -0.6900277831720468
    ]
   ],
   "cam_t_m2c": [
    99.80710080183171,
    71.48480472409165,
    476.455552539931
   ],
   "obj_id": 2
  },
  {
   "cam_R_m2c": [
    [
     0.36678713244755645,
     0.06119475480027055,
     -0.9282900416657682
    ],
    [
     0.9204838902052593,
     0.12073477987610748,
     0.37166183662149255
    ],
    [
     0.13482064880236969,
     -0.9907968080858974,
     -0.012044822261265575
    ]
   ],
   "cam_t_m2c": [
    -165.5778660360421,
    19.481585727156894,
    381.51992020214743
   ],
   "obj_id": 1
  },
  {
   "cam_R_m2c": [
    [
     0.4967113981235338,
     -0.7477266544864325,
     0.4406615902761329
    ],
    [
     -0.48432241399103837,
     -0.6601157365991434,
     -0.5741768138823296
    ],
    [
     0.7202149583839924,
     0.07177788283794116,
     -0.6900277887558192
    ]
   ],
   "cam_t_m2c": [
    99.8071011655681,
    71.48480648598812,
    476.45555292905146
   ],
   "obj_id": 2
  }
 ],
 "1/8": [
  {
   "cam_R_m2c": [
    [
     0.05982792304366874,
     0.7356671293561616,
     0.6746958532621533
    ],
    [
     -0.9925318268661227,
     -0.028140927249540315,
     0.11869566492223826
    ],
    [
     0.10630706600258066,
     -0.6767584229238678,
     0.7284894266353643
    ]
   ],
   "cam_t_m2c": [
    18.701053553249086,
    71.06563544149623,
    334.4189605730967
   ],
   "obj_id": 1
  },
  {
   "cam_R_m2c": [
    [
     -0.7639874114611072,
     -0.6323090339353554,
     -0.1284854884128711
    ],
    [
     -0.36055390700227474,
     0.5835048513535778,
     -0.7276832886580771
    ],
    [
     0.5350926230797356,
     -0.5096149272250335,
     -0.6737718535788444
    ]
   ],
   "cam_t_m2c": [
    -190.3231754051982,
    61.703358866572266,
    520.4903731806259
   ],
   "obj_id": 2
  },
  {
   "cam_R_m2c": [
    [
     0.059827937124140196,
     0.7356668924358849,
     0.6746961103439075
    ],
    [
     -0.9925318090860291,
     -0.02814106634956648,
     0.11869578062056035
    ],
    [
     0.10630722408136101,
     -0.6767586746828129,
     0.7284891696859179
    ]
   ],
   "cam_t_m2c": [
    18.70105857671438,
    71.06563476397112,
    334.4189668670703
   ],
   "obj_id": 1
  },
  {
   "cam_R_m2c": [
    [
     -0.7639874352491027,
     -0.6323089997520002,
     -0.12848551519187945
    ],
    [
     -0.3605538832833681,
     0.5835048940533024,
     -0.7276832661708855
    ],
    [
     0.5350926050982028,
     -0.5096149207474886,
     -0.6737718727586879
    ]
   ],
   "cam_t_m2c": [
    -190.3231762597821,
    61.70335610425378,
    520.4903730186873
   ],
   "obj_id": 2
  }
 ],
 "1/9": [
  {
   "cam_R_m2c": [
    [
     0.34643730151888197,
     -0.8616991887980832,
     0.3707501910195608
    ],
    [
     -0.6299166312744233,
     -0.5065563743087313,
     -0.5887322628250256
    ],
    [
     0.6951159858327227,
     -0.02958289492118371,
     -0.7182886735622975
    ]
   ],
   "cam_t_m2c": [
    81.26205680210909,
    33.49699073693984,
    473.2395723730296
   ],
   "obj_id": 1
  },
  {
   "cam_R_m2c": [
    [
     0.847803727275897,
     0.053546353154019205,
     0.5275998749819802
    ],
    [
     -0.4037677879969902,
     -0.5798145971640686,
     0.7076627772403227
    ],
    [
     0.34380286996055415,
     -0.8129869746677212,
     -0.46994868403636614
    ]
   ],
   "cam_t_m2c": [
    -141.15152623223392,
    12.82814875890699,
    383.82467436669305
   ],
   "obj_id": 2
  },
  {
   "cam_R_m2c": [
    [
     0.34643730151888197,
     -0.8616991887980832,
     0.3707501910195608
    ],
    [
     -0.6299166312744233,
     -0.5065563743087313,
     -0.5887322628250256
    ],
    [
     0.6951159858327227,
     -0.02958289492118371,
     -0.7182886735622975
    ]
   ],
   "cam_t_m2c": [
    81.26205680210909,
    33.49699073693984,
    473.2395723730296
   ],
   "obj_id": 1
  },
  {
   "cam_R_m2c": [
    [
     0.8478036988022283,
     0.0535465655857386,
     0.5275998991766696
    ],
    [
     -0.40376746615940273,
     -0.5798151635880655,
     0.7076624967769314
    ],
    [
     0.343803318146401,
     -0.812986556707623,
     -0.46994907920348916
    ]
   ],
   "cam_t_m2c": [
    -141.1515351055396,
    12.828160288049729,
    383.8246639176906
   ],
   "obj_id": 2
  }
 ],
 "2/0": [
  {
   "cam_R_m2c": [
    [
     -0.7851058115045799,
     0.47241805522700825,
     -0.40053719657138787
    ],
    [
     0.45836070542528784,
     0.8781056631603416,
     0.13724397271927538
    ],
    [
     0.4165505112993715,
     -0.07583947139364922,
     -0.9059437323117616
    ]
   ],
   "cam_t_m2c": [
    -245.28462332404652,
    37.84106011957316,
    508.6459867848412
   ],
   "obj_id": 1
  },
  {
   "cam_R_m2c": [
    [
     -0.08053302843232091,
     -0.3641535670186758,
     0.9278505326608877
    ],
    [
     -0.9847658143016151,
     0.17299514258211857,
     -0.017577588738753924
    ],
    [
     -0.15411269355376023,
     -0.9151310617996569,
     -0.37253780669220327
    ]
   ],
   "cam_t_m2c": [
    47.52954997291,
    56.78485732771193,
    327.1282765449914
   ],
   "obj_id": 2
  },
  {
   "cam_R_m2c": [
    [
     -0.7851058115045799,
     0.47241805522700825,
     -0.40053719657138787
    ],
    [
     0.45836070542528784,
     0.8781056631603416,
     0.13724397271927538
    ],
    [
     0.4165505112993715,
     -0.07583947139364922,
     -0.9059437323117616
    ]
   ],
   "cam_t_m2c": [
    -245.28462332404652,
    37.84106011957316,
    508.6459867848412
   ],
   "obj_id": 1
  },
  {
   "cam_R_m2c": [
    [
     -0.08053291689969808,
     -0.36415364898553604,
     0.9278505101718408
    ],
    [
     -0.9847658292041109,
     0.17299506818956822,
     -0.017577485998475584
    ],
    [
     -0.1541126566105664,
     -0.9151310432460508,
     -0.3725378675515123
    ]
   ],
   "cam_t_m2c": [
    47.529550306979104,
    56.78485918752569,
    327.1282760811513
   ],
   "obj_id": 2
  }
 ],
 "2/1": [
  {
   "cam_R_m2c": [
    [
     0.1795492987685074,
     0.8759433081130676,
     0.44775592713404994
    ],
    [
     0.6978630380513136,
     -0.4342109013092891,
     0.5696034351247939
    ],
    [
     0.6933608219632315,
     0.21020041426246094,
     -0.6892507210082277
    ]
   ],
   "cam_t_m2c": [
    -201.99179348947604,
    120.08964163930416,
    494.9949896434385
   ],
   "obj_id": 1
  },
  {
   "cam_R_m2c": [
    [
     0.06856650676120851,
     -0.32655758317540845,
     -0.9426869994972893
    ],
    [
     0.9776464300120549,
     0.21024863446424946,
     -0.0017232500118800065
    ],
    [
     0.19876139473059184,
     -0.9214964224437092,
     0.33367386980133035
    ]
   ],
   "cam_t_m2c": [
    38.22702735668847,
    65.15208701268634,
    336.2874105610927
   ],
   "obj_id": 2
  },
  {
   "cam_R_m2c": [
    [
     0.17954927851352312,
     0.8759433744606652,
     0.44775580546067306
    ],
    [
     0.6978630696303427,
     -0.43421079952144825,
     0.5696034740282571
    ],
    [
     0.6933607954242784,
     0.21020034804302204,
     -0.6892507679003366
    ]
   ],
   "cam_t_m2c": [
    -201.99177699575037,
    120.0896413050626,
    494.99499129892445
   ],
   "obj_id": 1
  },
  {
   "cam_R_m2c": [
    [
     0.0685664315728739,
     -0.326557616612928,
     -0.9426869933829821
    ],
    [
     0.9776464362037754,
     0.21024860505986476,
     -0.0017233248209806984
    ],
    [
     0.19876139021303918,
     -0.9214964173031086,
     0.33367388668895714
    ]
   ],
   "cam_t_m2c": [
    38.22702819262645,
    65.15209134427283,
    336.2874104325777
   ],
   "obj_id": 2
  }
 ],
 "2/2": [
  {
   "cam_R_m2c": [
    [
     -0.863831165504298,
     0.4819131445376711,
     -0.1468177054217204
    ],
    [
     0.04094788055436521,
     -0.22330180911556052,
     -0.9738888915701949
    ],
    [
     -0.5021145173977649,
     -0.8472874501416457,
     0.17316174014740585
    ]
   ],
   "cam_t_m2c": [
    -23.291176541242884,
    62.63755292289558,
    327.18218625354115
   ],
   "obj_id": 1
  },
  {
   "cam_R_m2c": [
    [
     0.2416922384423772,
     -0.8962847757681196,
     -0.37183122865488966
    ],
    [
     0.39770979082839636,
     0.44102640464928433,
     -0.8045636287338368
    ],
    [
     0.8851055214808834,
     0.046575864226201,
     0.4630538896452939
    ]
   ],
   "cam_t_m2c": [
    -179.55888310024034,
    37.34115567166122,
    381.58560339434496
   ],
   "obj_id": 2
  },
  {
   "cam_R_m2c": [
    [
     -0.863831165504298,
     0.4819131445376711,
     -0.1468177054217204
    ],
    [
     0.04094788055436521,
     -0.22330180911556052,
     -0.9738888915701949
    ],
    [
     -0.5021145173977649,
     -0.8472874501416457,
     0.17316174014740585
    ]
   ],
   "cam_t_m2c": [
    -23.291176541242884,
    62.63755292289558,
    327.18218625354115
   ],
   "obj_id": 1
  },
  {
   "cam_R_m2c": [
    [
     0.24169209971303693,
     -0.896284892798136,
     -0.3718310367332687
    ],
    [
     0.39770983810698296,
     0.44102616970510167,
     -0.8045637341492372
    ],
    [
     0.8851055381191675,
     0.046575836837150844,
     0.4630538605969054
    ]
   ],
   "cam_t_m2c": [
    -179.55887809862463,
    37.34116154526579,
    381.58560407907123
   ],
   "obj_id": 2
  }
 ],
 "2/3": [
  {
   "cam_R_m2c": [
    [
     0.6118446958908528,
     0.7391136126750383,
     0.28170398589420675
    ],
    [
     0.5393175590755903,
     -0.6503465012130052,
     0.5349635490692333
    ],
    [
     0.5786040430060764,
     -0.1753867039386281,
     -0.7965280067257942
    ]
   ],
   "cam_t_m2c": [
    66.18216035658625,
    80.80801639958945,
    492.1346675984657
   ],
   "obj_id": 1
  },
  {
   "cam_R_m2c": [
    [
     -0.24829242030776522,
     0.01304531078498782,
     -0.9685972815800358
    ],
    [
     0.9585947992143783,
     0.14725605920177864,
     -0.24374507984266527
    ],
    [
     0.13945208832017236,
     -0.9890123724680522,
     -0.04906773041681772
    ]
   ],
   "cam_t_m2c": [
    -156.7737502118994,
    41.91652947748231,
    367.7253093117013
   ],
   "obj_id": 2
  },
  {
   "cam_R_m2c": [
    [
     0.6118447184444286,
     0.7391135841260533,
     0.2817040118138144
    ],
    [
     0.5393175375936353,
     -0.6503465359340805,
     0.5349635285161781
    ],
    [
     0.5786040391801599,
     -0.17538669550134411,
     -0.7965280113627664
    ]
   ],
   "cam_t_m2c": [
    66.1821593404231,
    80.80801640267244,
    492.1346673875336
   ],
   "obj_id": 1
  },
  {
   "cam_R_m2c": [
    [
     -0.2482923664997461,
     0.013045309806468305,
     -0.9685972953864825
    ],
    [
     0.9585948129213941,
     0.14725605777566214,
     -0.24374502679761076
    ],
    [
     0.1394520899024212,
     -0.9890123726932966,
     -0.0490677213799756
    ]
   ],
   "cam_t_m2c": [
    -156.77374801170652,
    41.91652951313522,
    367.7253093173324
   ],
   "obj_id": 2
  }
 ],
 "2/4": [
  {
   "cam_R_m2c": [
    [
     -0.2991733972934525,
     0.6614772458340121,
     -0.6877086095111391
    ],
    [
     0.7128500927200718,
     0.6340350837224786,
     0.2997403174716648
    ],
    [
     0.6343027854746338,
     -0.40055881697059126,
     -0.6612205460254859
    ]
   ],
   "cam_t_m2c": [
    48.026697718621804,
    97.41797735656627,
    492.01397042426476
   ],
   "obj_id": 1
