{
 "0/0": [
  {
   "cam_R_m2c": [
    [
     0.10654758274559861,
     0.13949782250343118,
     -0.9844734481578823
    ],
    [
     0.988329126782505,
     0.09355413525964917,
     0.12022129981475738
    ],
    [
     0.10887217167118649,
     -0.9857930722482382,
     -0.12790179413510666
    ]
   ],
   "cam_t_m2c": [
    35.14343862983381,
    48.7608357961348,
    343.93341628374503
   ],
   "obj_id": 1
  },
  {
   "cam_R_m2c": [
    [
     -0.1948154722642485,
     0.09907228651684188,
     -0.975823556700074
    ],
    [
     0.9706428029083101,
     0.16255886147863718,
     -0.17727708740011822
    ],
    [
     0.1410655199854226,
     -0.9817124317228004,
     -0.12783278324494185
    ]
   ],
   "cam_t_m2c": [
    -147.40498689206885,
    110.90971465773126,
    398.03730237021847
   ],
   "obj_id": 2
  }
 ],
 "0/1": [
  {
   "cam_R_m2c": [
    [
     0.9315388606626145,
     0.10862909015324777,
     -0.3470375654707655
    ],
    [
     0.34571000797319923,
     0.03143393220939317,
     0.937814746254838
    ],
    [
     0.11278271792508276,
     -0.9935852397647285,
     -0.008272234226516836
    ]
   ],
   "cam_t_m2c": [
    -176.28552094037954,
    -2.462873263333501,
    371.5272988407979
   ],
   "obj_id": 1
  },
  {
   "cam_R_m2c": [
    [
     -0.9354224583493072,
     -0.34272783595498146,
     -0.0867320867808063
    ],
    [
     0.10129271746363999,
     -0.02477842324951296,
     -0.9945480456619975
    ],
    [
     0.33871021508742416,
     -0.9391079065809653,
     0.05789412744439193
    ]
   ],
   "cam_t_m2c": [
    28.144252077116235,
    30.593994685610042,
    326.7943785727273
   ],
   "obj_id": 2
  }
 ],
 "0/2": [
  {
   "cam_R_m2c": [
    [
     -0.9711534607295566,
     -0.043721279134737764,
     0.23441289525925718
    ],
    [
     -0.23734261704482318,
     0.08237387272949531,
     -0.9679271807454621
    ],
    [
     0.02300951645123362,
     -0.9956420013450453,
     -0.09037459438533124
    ]
   ],
   "cam_t_m2c": [
    -161.70683044638827,
    50.983130107692396,
    386.74244468694644
   ],
   "obj_id": 1
  },
  {
   "cam_R_m2c": [
    [
     0.10376017604235843,
     -0.35842848661080945,
     -0.9277730573009457
    ],
    [
     0.9944840072894422,
     0.051777041060154017,
     0.09121785606222266
    ],
    [
     0.015342265582111048,
     -0.9321202486830443,
     0.3618237925867619
    ]
   ],
   "cam_t_m2c": [
    36.80742973445546,
    26.31548098319185,
    336.2645922156113
   ],
   "obj_id": 2
  }
 ],
 "0/3": [
  {
   "cam_R_m2c": [
    [
     -0.06960037376056522,
     -0.25782498286720607,
     0.9636815169867659
    ],
    [
     -0.9866294972679243,
     0.1605003755258555,
     -0.028317213438148137
    ],
    [
     -0.14737036029416445,
     -0.9527674992701967,
     -0.2655486193546935
    ]
   ],
   "cam_t_m2c": [
    24.560842652589244,
    21.740713355368964,
    295.0645259216963
   ],
   "obj_id": 1
  },
  {
   "cam_R_m2c": [
    [
     0.9913287273543019,
     0.022751401334822004,
     -0.12942074045299934
    ],
    [
     0.12431985767751375,
     0.15665945020533725,
     0.9797971165748576
    ],
    [
     0.04256673947043049,
     -0.9873905966732028,
     0.15247256242417248
    ]
   ],
   "cam_t_m2c": [
    -168.75566978090316,
    32.776947694367294,
    370.79690938704493
   ],
   "obj_id": 2
  }
 ],
 "0/4": [
  {
   "cam_R_m2c": [
    [
     0.4313952401411353,
     -0.2579189857108233,
     0.8645090766403049
    ],
    [
     -0.9018786254932769,
     -0.09923243552496719,
     0.42043771074695613
    ],
    [
     -0.02265152670197767,
     -0.9610570849588922,
     -0.2754200206745803
    ]
   ],
   "cam_t_m2c": [
    43.732542994565726,
    28.633174953322328,
    329.5769566039528
   ],
   "obj_id": 1
  },
  {
   "cam_R_m2c": [
    [
     0.9961092637736775,
     -0.04157301690140842,
     0.07770469027013233
    ],
    [
     -0.05589881827291587,
     0.3835988129885187,
     0.9218065267665938
    ],
    [
     -0.06812970526835946,
     -0.922563621079606,
     0.3797824486736213
    ]
   ],
   "cam_t_m2c": [
    -158.4859572913114,
    38.59092561426918,
    365.7444112667362
   ],
   "obj_id": 2
  }
 ],
 "0/5": [
  {
   "cam_R_m2c": [
    [
     -0.9857458046588448,
     -0.09043162383141315,
     -0.14187082155503292
    ],
    [
     0.13074090908853078,
     0.1189770246379439,
     -0.9842516356598077
    ],
    [
     0.10588684190299927,
     -0.9887702407635033,
     -0.10545799017757417
    ]
   ],
   "cam_t_m2c": [
    42.029044622192124,
    18.28146434407789,
    330.36243686625556
   ],
   "obj_id": 1
  },
  {
   "cam_R_m2c": [
    [
     0.996970352633882,
     -0.07535697418776385,
     -0.01927284126270723
    ],
    [
     0.036026639335258404,
     0.22777040558827905,
     0.9730481609850349
    ],
    [
     -0.06893618227955496,
     -0.9707945038881379,
     0.22979520010936783
    ]
   ],
   "cam_t_m2c": [
    -169.20263953743864,
    33.06226847251943,
    381.603007738805
   ],
   "obj_id": 2
  }
 ],
 "0/6": [
  {
   "cam_R_m2c": [
    [
     0.130007307791757,
     -0.09512387576416577,
     0.9869394855716043
    ],
    [
     -0.9864042840552032,
     0.08850647275048812,
     0.1384672982288943
    ],
    [
     -0.10052207876024909,
     -0.9915230973310056,
     -0.08232411032527243
    ]
   ],
   "cam_t_m2c": [
    -186.51149017713598,
    78.59223709294005,
    389.1614828898181
   ],
   "obj_id": 1
  },
  {
   "cam_R_m2c": [
    [
     0.8969705137018774,
     -0.36153310607070904,
     0.25443606419738607
    ],
    [
     -0.2110677785101191,
     0.15549200421698195,
     0.9650246781815428
    ],
    [
     -0.38845114290499205,
     -0.9193019361664869,
     0.06316375334283342
    ]
   ],
   "cam_t_m2c": [
    21.257431512049386,
    62.062830988807,
    331.58249347252155
   ],
   "obj_id": 2
  }
 ],
 "0/7": [
  {
   "cam_R_m2c": [
    [
     0.23870449983206052,
     -0.2268549266669147,
     -0.9442229630796288
    ],
    [
     0.946664773617566,
     0.27107593520168716,
     0.17419427013002772
    ],
    [
     0.2164392943795744,
     -0.9354435737132835,
     0.2794626133259912
    ]
   ],
   "cam_t_m2c": [
    45.196077075266814,
    50.63124120242784,
    332.7663536250586
   ],
   "obj_id": 1
  },
  {
   "cam_R_m2c": [
    [
     -0.16069079778034584,
     0.08032538633284798,
     -0.9837308065823674
    ],
    [
     0.9869333936694485,
     0.02506494269882298,
     -0.15916728654975149
    ],
    [
     0.011871982514394003,
     -0.9964535016537317,
     -0.08330351176987964
    ]
   ],
   "cam_t_m2c": [
    -146.083506943965,
    36.28796292083319,
    372.9056231248394
   ],
   "obj_id": 2
  }
 ],
 "0/8": [
  {
   "cam_R_m2c": [
    [
     -0.3684584740790419,
     -0.2165841294437639,
     0.9040628671461025
    ],
    [
     -0.9219862493159184,
     -0.03943118323456052,
     -0.38520973230318134
    ],
    [
     0.11907858309415027,
     -0.9754673221906562,
     -0.1851588355614719
    ]
   ],
   "cam_t_m2c": [
    33.47176626250427,
    41.17932013424301,
    342.45855958064533
   ],
   "obj_id": 1
  },
  {
   "cam_R_m2c": [
    [
     0.9994100289431334,
     0.03427918152398608,
     0.002128793538796192
    ],
    [
     -0.006754926847304887,
     0.13541176762883222,
     0.9907663822268715
    ],
    [
     0.03367439696821264,
     -0.9901962385818686,
     0.13556343196875212
    ]
   ],
   "cam_t_m2c": [
    -161.6375216043985,
    54.300216569193545,
    378.8687899367147
   ],
   "obj_id": 2
  }
 ],
 "0/9": [
  {
   "cam_R_m2c": [
    [
     -0.9774920226237093,
     0.027564507992715422,
     -0.20916391564065076
    ],
    [
     0.20907408052841175,
     -0.006134063430488167,
     -0.9778805663868313
    ],
    [
     -0.02823782141399994,
     -0.9996012060641735,
     0.00023297390577503045
    ]
   ],
   "cam_t_m2c": [
    38.920093847784216,
    38.41318456067855,
    307.4734438478934
   ],
   "obj_id": 1
  },
  {
   "cam_R_m2c": [
    [
     0.6614360905369172,
     0.17349881011656165,
     0.7296577697957972
    ],
    [
     -0.7498477033710735,
     0.1332762406270075,
     0.6480477339158428
    ],
    [
     0.015189466230462266,
     -0.975774362530841,
     0.21825139986530312
    ]
   ],
   "cam_t_m2c": [
    -151.96137669932537,
    43.6164566564722,
    384.9296907893453
   ],
   "obj_id": 2
  }
 ],
 "1/0": [
  {
   "cam_R_m2c": [
    [
     -0.1584965989960695,
     0.15823752371401004,
     -0.9745972061295569
    ],
    [
     0.9836865511564588,
     0.11036794316625875,
     -0.14205522234385487
    ],
    [
     0.08508582244176674,
     -0.9812134340754346,
     -0.17314906759581628
    ]
   ],
   "cam_t_m2c": [
    -128.71777857077572,
    66.1015591815827,
    388.31167740462024
   ],
   "obj_id": 1
  },
  {
   "cam_R_m2c": [
    [
     0.9532060032273172,
     -0.21826328964074343,
     0.2091875995526628
    ],
    [
     -0.1715671611557186,
     0.17918526251938813,
     0.9687400842892928
    ],
    [
     -0.2489237325454766,
     -0.9592985865157202,
     0.1333536549351723
    ]
   ],
   "cam_t_m2c": [
    67.50228824298829,
    37.69957603030597,
    317.2585419334008
   ],
   "obj_id": 2
  }
 ],
 "1/1": [
  {
   "cam_R_m2c": [
    [
     -0.17651943493021524,
     -0.16697713872716072,
     0.9700306821098027
    ],
    [
     -0.9706643458475777,
     0.19298389807709293,
     -0.1434152808569069
    ],
    [
     -0.16325322904069264,
     -0.9668897818394094,
     -0.19614416377329835
    ]
   ],
   "cam_t_m2c": [
    37.92021657101199,
    38.168702537267045,
    338.74803495125866
   ],
   "obj_id": 1
  },
  {
   "cam_R_m2c": [
    [
     -0.09997286939665306,
     -0.030718182597388715,
     -0.9945158714884914
    ],
    [
     0.9939932649996822,
     0.0416483228203815,
     -0.10120675047406924
    ],
    [
     0.04452880550689659,
     -0.9986600074420536,
     0.026369964276923202
    ]
   ],
   "cam_t_m2c": [
    -162.82990424136887,
    27.350062888970577,
    372.82968225392244
   ],
   "obj_id": 2
  }
 ],
 "1/2": [
  {
   "cam_R_m2c": [
    [
     0.9713869128878166,
     -0.19659060154567404,
     0.133265152437487
    ],
    [
     -0.12260292076841356,
     0.06549931424000377,
     0.9902920597748646
    ],
    [
     -0.20341088783379008,
     -0.9782954437275069,
     0.03952259471074715
    ]
   ],
   "cam_t_m2c": [
    30.861155138297953,
    40.191901351244894,
    320.7327843475822
   ],
   "obj_id": 1
  },
  {
   "cam_R_m2c": [
    [
     0.09542159514004417,
     -0.010713497745837342,
     0.9953792946143594
    ],
    [
     -0.993219918319869,
     0.06567545885537697,
     0.0959214676535356
    ],
    [
     -0.06639964633642305,
     -0.9977835211458375,
     -0.004374002310506258
    ]
   ],
   "cam_t_m2c": [
    -163.50528846296763,
    42.4951887138716,
    361.96369203255216
   ],
   "obj_id": 2
  }
 ],
 "1/3": [
  {
   "cam_R_m2c": [
    [
     -0.9689667988301851,
     -0.07494621340167366,
     0.2355555303140512
    ],
    [
     -0.23405924429143504,
     -0.028283994958139047,
     -0.97181082819185
    ],
    [
     0.07949599314748802,
     -0.9967863766755436,
     0.009864397981416806
    ]
   ],
   "cam_t_m2c": [
    -147.59863915607048,
    29.786552750431667,
    386.9447067191347
   ],
   "obj_id": 1
  },
  {
   "cam_R_m2c": [
    [
     -0.9404507079315803,
     -0.3150162852338004,
     -0.12773881942654336
    ],
    [
     0.048525328819656766,
     0.2475203189052686,
     -0.9676667733222932
    ],
    [
     0.33644874559720744,
     -0.916241470228526,
     -0.21749439031739362
    ]
   ],
   "cam_t_m2c": [
    54.918181762854736,
    58.5965747472704,
    334.7512897464358
   ],
   "obj_id": 2
  }
 ],
 "1/4": [
  {
   "cam_R_m2c": [
    [
     0.9791270856405527,
     -0.050323288560978646,
     -0.19692058499163395
    ],
    [
     0.20300100793480558,
     0.19428541320942186,
     0.9597102526239351
    ],
    [
     -0.010036978753183351,
     -0.9796533799474448,
     0.2004457887186844
    ]
   ],
   "cam_t_m2c": [
    -206.8749624491325,
    37.11703651123645,
    395.07561642007283
   ],
   "obj_id": 1
  },
  {
   "cam_R_m2c": [
    [
     0.15668060192004168,
     -0.3595322624114342,
     -0.9198846347598646
    ],
    [
     0.9784356837093626,
     0.183428337044254,
     0.09496135010293583
    ],
    [
     0.13459123978241028,
     -0.9149265530382724,
     0.3805188572453918
    ]
   ],
   "cam_t_m2c": [
    -1.7911630099075833,
    28.724841439234893,
    312.72103369900367
   ],
   "obj_id": 2
  }
 ],
 "1/5": [
  {
   "cam_R_m2c": [
    [
     0.949411608994708,
     0.07775315359130576,
     -0.3042565427606871
    ],
    [
     0.28778000835682876,
     0.17239241835670643,
     0.9420528227669985
    ],
    [
     0.12569909902709103,
     -0.9819548366395133,
     0.14129556010025376
    ]
   ],
   "cam_t_m2c": [
    -134.67437082944213,
    51.667242049971655,
    406.2216614433316
   ],
   "obj_id": 1
  },
  {
   "cam_R_m2c": [
    [
     0.25128652723530837,
     -0.27297363652530865,
     -0.9286228917015604
    ],
    [
     0.9666985615979119,
     0.1188199973207612,
     0.2266620816131858
    ],
    [
     0.04846619682362965,
     -0.954655541019295,
     0.2937410862760099
    ]
   ],
   "cam_t_m2c": [
    40.900055018715356,
    42.95513377180522,
    335.86282559823627
   ],
   "obj_id": 2
  }
 ],
 "1/6": [
  {
   "cam_R_m2c": [
    [
     0.9675049531038931,
     0.1745897650907168,
     -0.18290046376376942
    ],
    [
     0.20080622186298624,
     -0.09095623128077412,
     0.9753993157944659
    ],
    [
     0.15365880053074338,
     -0.9804312203906844,
     -0.12305931538362548
    ]
   ],
   "cam_t_m2c": [
    27.597611027750332,
    22.431479484694897,
    316.27897661572416
   ],
   "obj_id": 1
  },
  {
   "cam_R_m2c": [
    [
     -0.9124154262254291,
     -0.18168346367512472,
     -0.3667277041796505
    ],
    [
     0.3267695979699943,
     0.21610921428602525,
     -0.9200643658696951
    ],
    [
     0.24641371680244556,
     -0.9593163849990713,
     -0.1378127484811096
    ]
   ],
   "cam_t_m2c": [
    -164.33161137448866,
    -12.922351794974162,
    390.56070656101195
   ],
   "obj_id": 2
  }
 ],
 "1/7": [
  {
   "cam_R_m2c": [
    [
     0.38382783164719275,
     0.004953242133570495,
     -0.923391391039239
    ],
    [
     0.9209220543416334,
     0.07122502545182788,
     0.3831834620342742
    ],
    [
     0.06766657579780412,
     -0.9974479741529141,
     0.02277659715689194
    ]
   ],
   "cam_t_m2c": [
    -163.4522914453471,
    20.543015485063847,
    379.89828126300256
   ],
   "obj_id": 1
  },
  {
   "cam_R_m2c": [
    [
     -0.20901004862967354,
     -0.35786261784924633,
     0.9100819448367852
    ],
    [
     -0.973427486070326,
     0.16517348744663352,
     -0.15860847520710375
    ],
    [
     -0.09356136454021563,
     -0.9190495447965801,
     -0.3828762270950914
    ]
   ],
   "cam_t_m2c": [
    68.00628113953032,
    36.9392625034052,
    327.66018332206295
   ],
   "obj_id": 2
  }
 ],
 "1/8": [
  {
   "cam_R_m2c": [
    [
     -0.08966481578396934,
     -0.653031896722085,
     0.7520036985773296
    ],
    [
     -0.9833228834806069,
     -0.0619088425171444,
     -0.1710070233691357
    ],
    [
     0.1582287193710783,
     -0.7547957585212995,
     -0.6365901627298718
    ]
   ],
   "cam_t_m2c": [
    51.75189340483169,
    69.7834638864762,
    325.1585368463333
   ],
   "obj_id": 1
  },
  {
   "cam_R_m2c": [
    [
     -0.9793011803910485,
     0.19842587945832313,
     0.039954579786170064
    ],
    [
     -0.03319866314228709,
     0.03725978931927243,
     -0.9987540021774373
    ],
    [
     -0.19966734046975057,
     -0.9794074118879613,
     -0.029901081730636277
    ]
   ],
   "cam_t_m2c": [
    -136.4819311938786,
    42.81289403201724,
    371.19854131526546
   ],
   "obj_id": 2
  }
 ],
 "1/9": [
  {
   "cam_R_m2c": [
    [
     -0.2295584267481318,
     0.009614552864833162,
     0.9732473935655478
    ],
    [
     -0.9703306165195837,
     -0.08024363220159521,
     -0.22807773704555168
    ],
    [
     0.07590404043031905,
     -0.9967289099169866,
     0.027749896973647596
    ]
   ],
   "cam_t_m2c": [
    47.603812449096424,
    22.39219511471843,
    323.97986062634266
   ],
   "obj_id": 1
  },
  {
   "cam_R_m2c": [
    [
     0.8663379186910876,
     0.14292795556498653,
     0.47857100847837375
    ],
    [
     -0.46635727094723894,
     -0.1115311498067918,
     0.8775372917759214
    ],
    [
     0.1788001858853564,
     -0.9834289003994077,
     -0.02996817289348451
    ]
   ],
   "cam_t_m2c": [
    -139.72041814306337,
    1.206895293012798,
    378.6974473635008
   ],
   "obj_id": 2
  }
 ],
 "2/0": [
  {
   "cam_R_m2c": [
    [
     -0.21446612639905643,
     -0.041021704115721376,
     -0.9758696124067112
    ],
    [
     0.9760546717303282,
     0.028185331084587317,
     -0.2156915967418585
    ],
    [
     0.03635324498286323,
     -0.9987606354392902,
     0.03399462716550265
    ]
   ],
   "cam_t_m2c": [
    -165.61024836234674,
    29.849118218717948,
    370.83518104711504
   ],
   "obj_id": 1
  },
  {
   "cam_R_m2c": [
    [
     -0.0602504257336917,
     -0.3009198080199246,
     0.9517442699276732
    ],
    [
     -0.9909761563509748,
     0.13240338125782358,
     -0.02087108467099061
    ],
    [
     -0.11973363663882061,
     -0.944413370178942,
     -0.3061817148108222
    ]
   ],
   "cam_t_m2c": [
    46.866742054769,
    58.94538810134819,
    333.99538979646576
   ],
   "obj_id": 2
  }
 ],
 "2/1": [
  {
   "cam_R_m2c": [
    [
     0.9544822802745697,
     0.016712799823027428,
     -0.29779902445094375
    ],
    [
     0.2926567804789181,
     0.1402722357973181,
     0.9458729876173315
    ],
    [
     0.05758112087805146,
     -0.9899719097966857,
     0.12899624929404044
    ]
   ],
   "cam_t_m2c": [
    -132.27482584016056,
    75.69670143798095,
    357.9307094880812
   ],
   "obj_id": 1
  },
  {
   "cam_R_m2c": [
    [
     0.03032337667069354,
     -0.20458868616529352,
     -0.9783782307065335
    ],
    [
     0.9911739289296947,
     0.13253379826108502,
     0.0030058157899229276
    ],
    [
     0.12905322714818165,
     -0.9698341413930782,
     0.2068018441672868
    ]
   ],
   "cam_t_m2c": [
    35.959349605461796,
    68.14203974549116,
    342.96919643033476
   ],
   "obj_id": 2
  }
 ],
 "2/2": [
  {
   "cam_R_m2c": [
    [
     -0.9539442908068665,
     -0.2485375809737269,
     -0.16798619252996075
    ],
    [
     0.15385474273797817,
     0.07537513350460223,
     -0.9852143459096572
    ],
    [
     0.2575247719618745,
     -0.965685072936768,
     -0.0336649926940889
    ]
   ],
   "cam_t_m2c": [
    -6.276203718192182,
    55.54981515673345,
    329.1061008224426
   ],
   "obj_id": 1
  },
  {
   "cam_R_m2c": [
    [
     0.9078678922078477,
     0.07279171021788262,
     0.41288891632209734
    ],
    [
     0.38727345309810346,
     -0.5228625388354167,
     -0.7593642327684739
    ],
    [
     0.16060872586366803,
     0.8493033217915366,
     -0.5028804080199495
    ]
   ],
   "cam_t_m2c": [
    -203.3286240297681,
    61.37316298402292,
    360.63285732386396
   ],
   "obj_id": 2
  }
 ],
 "2/3": [
  {
   "cam_R_m2c": [
    [
     0.9959791853958126,
     -0.08041803316092133,
     0.03947660320776264
    ],
    [
     -0.018730252160321426,
     0.2439928006210874,
     0.969596148352029
    ],
    [
     -0.08760502218654447,
     -0.966436988731085,
     0.24150550076569238
    ]
   ],
   "cam_t_m2c": [
    51.04031578833611,
    44.21964011100644,
    343.31342868556226
   ],
   "obj_id": 1
  },
  {
   "cam_R_m2c": [
    [
     -0.24842435225485598,
     0.08454732431677556,
     -0.9649544503019971
    ],
    [
     0.963790843916693,
     0.12124437182167525,
     -0.23750160311862353
    ],
    [
     0.09691517109877111,
     -0.9890154459119642,
     -0.11160599158850998
    ]
   ],
   "cam_t_m2c": [
    -159.0524608514613,
    42.66154811773293,
    369.06912088901004
   ],
   "obj_id": 2
  }
 ],
 "2/4": [
  {
   "cam_R_m2c": [
    [
     0.07449795479820959,
     0.05753719169587883,
     -0.995559905933659
    ],
    [
     0.991875500082411,
     -0.10750705606088162,
     0.06800900847233177
    ],
    [
     -0.10311666726165664,
     -0.9925380115989886,
     -0.06507878658959951
    ]
   ],
   "cam_t_m2c": [
    30.893009787539288,
    65.73064969178203,
    332.032879306088
   ],
   "obj_id": 1
  },
  {
   "cam_R_m2c": [
    [
     -0.9837317271843548,
     0.0026966156189170407,
     0.17962354298668648
    ],
    [
     -0.1764288925078279,
     0.1738153379592045,
     -0.9688452271537437
    ],
    [
     -0.03383393000151663,
     -0.9847745714397439,
     -0.17051190171457578
    ]
   ],
   "cam_t_m2c": [
    -151.31718428431515,
    47.82239736670202,
    390.7630028968334
   ],
   "obj_id": 2
  }
 ],
 "2/5": [
  {
   "cam_R_m2c": [
    [
     0.10119000569542747,
     0.10435752454822961,
     0.989378638246008
    ],
    [
     -0.9911520032656748,
     0.09643860488115974,
     0.09119924293005538
    ],
    [
     -0.0858969683388133,
     -0.9898530711973073,
     0.11319279248900821
    ]
   ],
   "cam_t_m2c": [
    -198.96802649630013,
    7.925062046500372,
    366.39121661147567
   ],
   "obj_id": 1
  },
  {
   "cam_R_m2c": [
    [
     0.9320100273220677,
     -0.2908113189219261,
     0.21630091483396008
    ],
    [
     -0.20510434269731675,
     0.06883779592078976,
     0.9763163249989569
    ],
    [
     -0.2988135163907748,
     -0.9543008616991066,
     0.00451085164050474
    ]
   ],
   "cam_t_m2c": [
    46.020879473798445,
    -0.24340742792582115,
    314.2035527314425
   ],
   "obj_id": 2
  }
 ],
 "2/6": [
  {
   "cam_R_m2c": [
    [
     0.9972603245412934,
     -0.07262609356832428,
     -0.0140461962394966
    ],
    [
     0.020466076178052295,
     0.08842250650206496,
     0.9958727830751105
    ],
    [
     -0.07108435004744432,
     -0.9934318853735757,
     0.08966662869448763
    ]
   ],
   "cam_t_m2c": [
    52.846602637439325,
    7.695206365296206,
    330.18952638238625
   ],
   "obj_id": 1
  },
  {
   "cam_R_m2c": [
    [
     -0.8077714988496953,
     0.571929667162279,
     -0.14283438474597498
    ],
    [
     0.1507292810934129,
     0.434630878753165,
     0.8879057850106138
    ],
    [
     0.5698998942508933,
     0.6956956626671582,
     -0.4372889839441692
    ]
   ],
   "cam_t_m2c": [
    -172.20565776761822,
    28.556077866591785,
    325.45387613351636
   ],
   "obj_id": 2
  }
 ],
 "2/7": [
  {
   "cam_R_m2c": [
    [
     0.9859451127484855,
     -0.01915529341975795,
     -0.16596779621775792
    ],
    [
     0.16685877060581625,
     0.0630154968501676,
     0.9839650389259988
    ],
    [
     -0.008389595895621747,
     -0.9978287036815133,
     0.06532604985745434
    ]
   ],
   "cam_t_m2c": [
    -121.74472285169617,
    15.512213949175317,
    385.4607932756316
   ],
   "obj_id": 1
  },
  {
   "cam_R_m2c": [
    [
     -0.1147129896892704,
     -0.2969760249712544,
     0.9479694987650296
    ],
    [
     -0.9861657165204689,
     0.14898868947574795,
     -0.07266051175135324
    ],
    [
     -0.1196583033316898,
     -0.9431901245245158,
     -0.3099585124548273
    ]
   ],
   "cam_t_m2c": [
    81.00767465543363,
    15.975493170219732,
    327.8052703860621
   ],
   "obj_id": 2
  }
 ],
 "2/8": [
  {
   "cam_R_m2c": [
    [
     0.9944741825719038,
     -0.028704288923846504,
     0.10098100809221602
    ],
    [
     -0.10009926014532466,
     0.030657150884523754,
     0.9945050413235731
    ],
    [
     -0.031642350043928125,
     -0.9991177122326578,
     0.027614466981595587
    ]
   ],
   "cam_t_m2c": [
    80.73679803459461,
    46.62002891998489,
    311.87682281069925
   ],
   "obj_id": 1
  },
  {
   "cam_R_m2c": [
    [
     0.9610423740807712,
     0.17079076459008363,
     0.21732020143541442
    ],
    [
     -0.22084905957394213,
     0.0017067566195476669,
     0.9753065056007502
    ],
    [
     0.16620243110887356,
     -0.9853058417123974,
     0.03935924517726263
    ]
   ],
   "cam_t_m2c": [
    -154.10462146753898,
    53.16450683308488,
    372.3411039895873
   ],
   "obj_id": 2
  }
 ],
 "2/9": [
  {
   "cam_R_m2c": [
    [
     -0.039058128952327714,
     -0.01364276499247058,
     0.9991438022257375
    ],
    [
     -0.9949087611447601,
     0.09349651748269827,
     -0.03761593034880323
    ],
    [
     -0.09290328067480641,
     -0.9955261303360992,
     -0.0172251054536808
    ]
   ],
   "cam_t_m2c": [
    -197.79625899217788,
    43.09179723670936,
    373.09070605381265
   ],
   "obj_id": 1
  },
  {
   "cam_R_m2c": [
    [
     -0.3590676598639197,
     -0.2611828787296417,
     0.8960211601844824
    ],
    [
     -0.9273834282106448,
     0.20787917871996683,
     -0.3110405506280225
    ],
    [
     -0.1050256764801827,
     -0.9426397779179537,
     -0.31685936370363255
    ]
   ],
   "cam_t_m2c": [
    41.851959508107754,
    44.73936889655732,
    321.10209674287074
   ],
   "obj_id": 2
  }
 ],
 "3/0": [
  {
   "cam_R_m2c": [
    [
     0.9941124336043483,
     0.038903708500626494,
     -0.10112848667975818
    ],
    [
     0.09973815190180049,
     0.036161603846290406,
     0.9943563945902278
    ],
    [
     0.042341119593760426,
     -0.9985884236622022,
     0.032068516014692995
    ]
   ],
   "cam_t_m2c": [
    -150.17754110875146,
    36.82580749635515,
    356.9511913044457
   ],
   "obj_id": 1
  },
  {
   "cam_R_m2c": [
    [
     0.9697804708138362,
     -0.20032443240540918,
     0.13926938001421743
    ],
    [
     -0.08972588686184013,
     0.23798906781342466,
     0.9671145065751797
    ],
    [
     -0.22688125452524746,
     -0.9503848301518432,
     0.21282286287497904
    ]
   ],
   "cam_t_m2c": [
    36.37113210829419,
    50.421666951037466,
    311.32231148865935
   ],
   "obj_id": 2
  }
 ],
 "3/1": [
  {
   "cam_R_m2c": [
    [
     0.08730499483573922,
     0.017201703286089377,
     0.996033101498534
    ],
    [
     -0.9922390887543346,
     0.09036825737631643,
     0.0854117603538021
    ],
    [
     -0.08854054791280154,
     -0.9957598502966591,
     0.024957802637165787
    ]
   ],
   "cam_t_m2c": [
    -155.32409828892423,
    52.99556725801889,
    379.51496793710396
   ],
   "obj_id": 1
  },
  {
   "cam_R_m2c": [
    [
     -0.2429600626640222,
     -0.39246717798418423,
     0.8870963432206367
    ],
    [
     -0.969777069357532,
     0.07713268306217622,
     -0.231479988232128
    ],
    [
     0.02242417665402252,
     -0.9165260844126372,
     -0.3993458311947538
    ]
   ],
   "cam_t_m2c": [
    33.74751949281196,
    13.753792051769397,
    311.9225210068003
   ],
   "obj_id": 2
  }
 ],
 "3/2": [
  {
   "cam_R_m2c": [
    [
     -0.0366705073510078,
     -0.005974972778980252,
     0.9993095484337723
    ],
    [
     -0.9982673427299505,
     0.046266408102302564,
     -0.036355631203362715
    ],
    [
     -0.046017239481561875,
     -0.9989112669209421,
     -0.007661232857376608
    ]
   ],
   "cam_t_m2c": [
    -171.21441448657137,
    32.46220680273666,
    374.0605807452892
   ],
   "obj_id": 1
  },
  {
   "cam_R_m2c": [
    [
     -0.3587923502548588,
     -0.40394487893578623,
     0.8414847498203089
    ],
    [
     -0.9324179239119605,
     0.1968122755083081,
     -0.3030870227788569
    ],
    [
     -0.043184077694261525,
     -0.8933607686656019,
     -0.4472601842808067
    ]
   ],
   "cam_t_m2c": [
    53.4980925445161,
    46.587195539849915,
    327.73443272982365
   ],
   "obj_id": 2
  }
 ],
 "3/3": [
  {
   "cam_R_m2c": [
    [
     -0.17771769605070942,
     -0.2293571465811788,
     0.956980522175121
    ],
    [
     -0.9812405081364621,
     0.1151409267809389,
     -0.15462739787024865
    ],
    [
     -0.07472272547575763,
     -0.9665080787516294,
     -0.24551710328469686
    ]
   ],
   "cam_t_m2c": [
    28.564634884018545,
    40.24600469552445,
    325.749806766154
   ],
   "obj_id": 1
  },
  {
   "cam_R_m2c": [
    [
     0.948348000325205,
     0.0041215040609436475,
     0.31720511263764545
    ],
    [
     0.2681206674584357,
     -0.5448371808080288,
     -0.794521084736461
    ],
    [
     0.16955051743014135,
     0.8385317284476688,
     -0.5178003113418691
    ]
   ],
   "cam_t_m2c": [
    -229.24206146408693,
    58.95885082091138,
    361.8401278093161
   ],
   "obj_id": 2
  }
 ],
 "3/4": [
  {
   "cam_R_m2c": [
    [
     0.9871737320795697,
     -0.14269951414026258,
     0.07158820682366199
    ],
    [
     -0.10177326169829498,
     -0.21700439693415619,
     0.9708508098129879
    ],
    [
     -0.12300498321362738,
     -0.9656841825231356,
     -0.22874403539598345
    ]
   ],
   "cam_t_m2c": [
    21.503723130935196,
    40.045258345660585,
    331.5541376441331
   ],
   "obj_id": 1
  },
  {
   "cam_R_m2c": [
    [
     -0.23488587240059983,
     0.006271545769454434,
     -0.9720027235868585
    ],
    [
     0.9616145445529651,
     0.14744593990303023,
     -0.23142420467683478
    ],
    [
     0.14186646767577937,
     -0.9890502325563518,
     -0.04066377785478659
    ]
   ],
   "cam_t_m2c": [
    -193.47523601911354,
    69.13847549073908,
    398.3856643832447
   ],
   "obj_id": 2
  }
 ],
 "3/5": [
  {
   "cam_R_m2c": [
    [
     0.1216825266534231,
     -0.0343334205230566,
     0.9919750898799958
    ],
    [
     -0.9921288585153323,
     0.025554542219780152,
     0.1225858616358389
    ],
    [
     -0.02955826125303301,
     -0.9990836709741203,
     -0.030953636047692627
    ]
   ],
   "cam_t_m2c": [
    -138.89219818551746,
    50.24879510403773,
    376.4608716815796
   ],
   "obj_id": 1
  },
  {
   "cam_R_m2c": [
    [
     0.9148567765795377,
     -0.34768055948846205,
     0.20531757572182585
    ],
    [
     -0.20941882822456692,
     0.02618676631247996,
     0.9774753232972918
    ],
    [
     -0.34522577066544,
     -0.9372472895793754,
     -0.04885371474685838
    ]
   ],
   "cam_t_m2c": [
    60.09904421590045,
    40.51829262379273,
    333.23974547190625
   ],
   "obj_id": 2
  }
 ],
 "3/6": [
  {
   "cam_R_m2c": [
    [
     0.9258604599074071,
     -0.2983365704889781,
     0.23190019294713907
    ],
    [
     -0.19279757592077484,
     0.154841063072235,
     0.9689444462432993
    ],
    [
     -0.3249792354891594,
     -0.941817145679317,
     0.08584265026981858
    ]
   ],
   "cam_t_m2c": [
    54.80265082976548,
    54.26886860378618,
    325.0300172650298
   ],
   "obj_id": 1
  },
  {
   "cam_R_m2c": [
    [
     -0.055357465118001103,
     0.06905714063040407,
     -0.9960756308552386
    ],
    [
     0.9964087115790857,
     0.06783761486620399,
     -0.05067284774483233
    ],
    [
     0.06407207305071096,
     -0.9953035563772579,
     -0.07256445491952096
    ]
   ],
   "cam_t_m2c": [
    -156.924440269734,
    62.11034272985753,
    384.2150550349197
   ],
   "obj_id": 2
  }
 ],
 "3/7": [
  {
   "cam_R_m2c": [
    [
     -0.024566083907469644,
     0.00744602586454645,
     0.9996704778177034
    ],
    [
     -0.9795117561961625,
     -0.20011710855371123,
     -0.022580131479039894
    ],
    [
     0.19988303328436813,
     -0.9797436907492318,
     0.012209563551314561
    ]
   ],
   "cam_t_m2c": [
    -160.34008945724645,
    74.79653842968767,
    343.2816248004691
   ],
   "obj_id": 1
  },
  {
   "cam_R_m2c": [
    [
     0.9088303611318035,
     -0.2912522967877158,
     0.29866281037470477
    ],
    [
     -0.211237134607261,
     0.29606817856847223,
     0.9315162406539468
    ],
    [
     -0.35973079885930037,
     -0.9096789176709701,
     0.20755244902679904
    ]
   ],
   "cam_t_m2c": [
    47.97021999175088,
    49.57130650579942,
    330.7018499559344
   ],
   "obj_id": 2
  }
 ],
 "3/8": [
  {
   "cam_R_m2c": [
    [
     0.2311476673790229,
     -0.358908752712461,
     -0.9042982157958855
    ],
    [
     0.9728984301933064,
     0.07927172233412816,
     0.21722025358051028
    ],
    [
     -0.00627697320664633,
     -0.9300002694970398,
     0.36750523580324207
    ]
   ],
   "cam_t_m2c": [
    12.046423981201375,
    70.21039844640627,
    348.3976584097893
   ],
   "obj_id": 1
  },
  {
   "cam_R_m2c": [
    [
     -0.1466755033512568,
     -0.0004979421492720394,
     -0.9891845372680831
    ],
    [
     0.9878784114577737,
     0.05130059344540061,
     -0.14650765607235894
    ],
    [
     0.050818706126016154,
     -0.9986831335142122,
     -0.007032634066401575
    ]
   ],
   "cam_t_m2c": [
    -163.7420121037402,
    51.77794804452531,
    380.3029700614881
   ],
   "obj_id": 2
  }
 ],
 "3/9": [
  {
   "cam_R_m2c": [
    [
     0.06568223113331109,
     -0.09327863602271881,
     -0.993471157394663
    ],
    [
     0.9974056015152746,
     0.03553212512738379,
     0.06260618300044517
    ],
    [
     0.029460322118123286,
     -0.9950058111115095,
     0.09537046332603873
    ]
   ],
   "cam_t_m2c": [
    23.585528406384437,
    51.30540554820401,
    362.5112002704635
   ],
   "obj_id": 1
  },
  {
   "cam_R_m2c": [
    [
     -0.12665272369490954,
     -0.0018686506653306837,
     -0.9919453592438201
    ],
    [
     0.9836168952484278,
     0.12908904319183243,
     -0.1258325169010755
    ],
    [
     0.12828441433979063,
     -0.9916312455104004,
     -0.014511442553678942
    ]
   ],
   "cam_t_m2c": [
    -157.77159091227026,
    65.86063035665151,
    382.24477588873657
   ],
   "obj_id": 2
  }
 ],
 "4/0": [
  {
   "cam_R_m2c": [
    [
     -0.1361735326300142,
     0.05109990299794838,
     -0.9893662461013426
    ],
    [
     0.987221200725209,
     0.09043755944326262,
     -0.13120727373367153
    ],
    [
     0.08277118973253172,
     -0.9945902914042276,
     -0.06276210954640227
    ]
   ],
   "cam_t_m2c": [
    -126.29328474834647,
    51.56391821426907,
    385.2310674047346
   ],
   "obj_id": 1
  },
  {
   "cam_R_m2c": [
    [
     -0.9459971378078156,
     -0.20780943056528622,
     -0.2488064625920169
    ],
    [
     0.224883626755124,
     0.1321176175163995,
     -0.9653871190145702
    ],
    [
     0.23348826453782048,
     -0.9692059511321224,
     -0.07824994960506279
    ]
   ],
   "cam_t_m2c": [
    57.16266663853711,
    51.24470900726222,
    345.4346852162913
   ],
   "obj_id": 2
  }
 ],
 "4/1": [
  {
   "cam_R_m2c": [
    [
     0.11861016262506968,
     0.14603276748400965,
     0.9821436046439519
    ],
    [
     -0.9929406032182517,
     0.018207842049520674,
     0.11720679574356141
    ],
    [
     -0.0007666828729386092,
     -0.9891121803460218,
     0.14716149934174855
    ]
   ],
   "cam_t_m2c": [
    -152.46262596652835,
    23.437184721541307,
    395.1015227703693
   ],
   "obj_id": 1
  },
  {
   "cam_R_m2c": [
    [
     0.8383078831070959,
     -0.5321525420738689,
     0.11854773336010774
    ],
    [
     -0.048347334164527335,
     0.14402217043881305,
     0.9883927102631205
    ],
    [
     -0.5430491951929252,
     -0.8343088674983699,
     0.09500676404290284
    ]
   ],
   "cam_t_m2c": [
    18.85024311047152,
    17.28865680079081,
    354.63430249800615
   ],
   "obj_id": 2
  }
 ],
 "4/2": [
  {
   "cam_R_m2c": [
    [
     0.9661066452312347,
     -0.15804486741080848,
     0.20410725103520677
    ],
    [
     -0.1984486126474741,
     0.05096442150064251,
     0.9787853574095793
    ],
    [
     -0.16509421000853344,
     -0.9861158388476503,
     0.017873281608407364
    ]
   ],
   "cam_t_m2c": [
    40.74027453163533,
    28.83235477260453,
    324.6627989252928
   ],
   "obj_id": 1
  },
  {
   "cam_R_m2c": [
    [
     -0.9802575564310917,
     -0.08366964609439785,
     0.1791494163601537
    ],
    [
     -0.18521581415263744,
     0.07141051030231381,
     -0.9800998118590466
    ],
    [
     0.06921145315279216,
     -0.9939315516376371,
     -0.08549763395368003
    ]
   ],
   "cam_t_m2c": [
    -166.22405094488354,
    50.45962790550023,
    388.2625115082261
   ],
   "obj_id": 2
  }
 ],
 "4/3": [
  {
   "cam_R_m2c": [
    [
     -0.16608981744022616,
     0.11168411653491467,
     0.9797657019188251
    ],
    [
     -0.9853493355251597,
     -0.05783015612345854,
     -0.16044425830444242
    ],
    [
     0.03874092826454394,
     -0.9920596409271734,
     0.11965287008947773
    ]
   ],
   "cam_t_m2c": [
    23.171682084428177,
    27.428129658019824,
    340.5366137038434
   ],
   "obj_id": 1
  },
  {
   "cam_R_m2c": [
    [
     -0.179344937738244,
     0.19148329818859733,
     -0.9649712637288645
    ],
    [
     0.9665783805707813,
     0.2169531446534869,
     -0.13659270565490922
    ],
    [
     0.18319832837891986,
     -0.9572175716835644,
     -0.22399306448948234
    ]
   ],
   "cam_t_m2c": [
    -151.79135429533392,
    43.51494896027806,
    402.68250685800706
   ],
   "obj_id": 2
  }
 ],
 "4/4": [
  {
   "cam_R_m2c": [
    [
     0.16279418604963225,
     -0.30766830752658414,
     -0.9374637409159696
    ],
    [
     0.9818322639825897,
     0.14439263027114058,
     0.12311041274483259
    ],
    [
     0.09748568300657824,
     -0.9404738065821445,
     0.3255849516510736
    ]
   ],
   "cam_t_m2c": [
    19.96865854183885,
    24.08448744203864,
    352.87991767431924
   ],
   "obj_id": 1
  },
  {
   "cam_R_m2c": [
    [
     0.9822391963697839,
     0.18437938184946004,
     -0.03479087040664071
    ],
    [
     0.06023559844213528,
     -0.13425367242838027,
     0.9891145657201754
    ],
    [
     0.1777015300867116,
     -0.9736427450498999,
     -0.14297542172183755
    ]
   ],
   "cam_t_m2c": [
    -130.79842419822745,
    23.41745489668719,
    389.3653377302514
   ],
   "obj_id": 2
  }
 ],
 "4/5": [
  {
   "cam_R_m2c": [
    [
     -0.8695735360027937,
     -0.01917895575325362,
     -0.4934308797996051
    ],
    [
     0.4898353713880947,
     -0.15992545947421136,
     -0.8570210944597861
    ],
    [
     -0.06247539052046697,
     -0.9869427617993746,
     0.14846147820609232
    ]
   ],
   "cam_t_m2c": [
    -145.47568918387253,
    -27.81700177721274,
    372.6151431416641
   ],
   "obj_id": 1
  },
  {
   "cam_R_m2c": [
    [
     0.8837866698358124,
     -0.31006345575009414,
     -0.3504023053988567
    ],
    [
     0.4047458565816823,
     0.13091364075977052,
     0.905009618867657
    ],
    [
     -0.2347379683827998,
     -0.9416593184752813,
     0.241196629595408
    ]
   ],
   "cam_t_m2c": [
    20.280752089405034,
    23.18989700013801,
    341.84835246871796
   ],
   "obj_id": 2
  }
 ],
 "4/6": [
  {
   "cam_R_m2c": [
    [
     0.9750988409714458,
     0.20156838867067428,
     0.09247937621357077
    ],
    [
     -0.1095827593831808,
     0.07539066540645212,
     0.991114456768511
    ],
    [
     0.19280526232992468,
     -0.9765687032965376,
     0.09560177069285151
    ]
   ],
   "cam_t_m2c": [
    23.695131895432773,
    32.721793994343,
    321.7770792157142
   ],
   "obj_id": 1
  },
  {
   "cam_R_m2c": [
    [
     0.9838355239999717,
     0.12778974815438796,
     -0.12544896166306185
    ],
    [
     0.10582975366773795,
     0.15020076741416855,
     0.9829749705393427
    ],
    [
     0.14445665424039206,
     -0.9803619279301055,
     0.13424889314567512
    ]
   ],
   "cam_t_m2c": [
    -182.22415857234353,
    71.25161621374151,
    387.87030765870185
   ],
   "obj_id": 2
  }
 ],
 "4/7": [
  {
   "cam_R_m2c": [
    [
     -0.9820622931100875,
     -0.030160103145075386,
     -0.18612904295040966
    ],
    [
     0.1856531792806524,
     0.017901497330327143,
     -0.9824522550314179
    ],
    [
     0.0329628499123326,
     -0.9993847630275391,
     -0.011981066482009535
    ]
   ],
   "cam_t_m2c": [
    8.52399952453661,
    32.02079651427938,
    345.2218932456104
   ],
   "obj_id": 1
  },
  {
   "cam_R_m2c": [
    [
     0.09296650168667431,
     0.04702937091425699,
     0.9945579258321514
    ],
    [
     -0.9895244310628658,
     0.11516807130333617,
     0.08705007571496504
    ],
    [
     -0.11044740781862213,
     -0.9922321067289038,
     0.057243484192247264
    ]
   ],
